6282139390600
6285280274421
6287720231059
6282119702773
6285802984929
6289515509669
6285156454138
6285222260595
6282320260082
6282321758683
6285220396494
6281294547498
6285716142388
6285156375829
62895391100363
6287830449634
6285800268464
6285721111637
628971511119
6285161613908
6285781166173
6281802241729
6281225174210
6285762982348
6281310056699
6281321066771
6285274645580
6281809785626
62818773640
6285863342711
6283156743137
6281119051898
6289501789424
6282315829871
6281324589927
6283156743137
