6282115074777
6283823191595
6281222140687
6285218458400
6289524245210
6282319163658
6287805663800
6281283006417
6282219453564
62895616344777
6282116154566
6281286207724
6281910153811
6285893939996
6285324149510
628976222800
6285222369837
6282119483738
6285302650557
6287879358903
6281572188797
6281395510482
6282120852803
6285624701203
6285710442005
6285210107276
6285222462073
6285810510704
6282114163636
6285213645900
6289509899535
6282240081736
6283824828887
6285157224027
6281214414808
6281312135588
6285723975701
6287718501193
6289501801834
6285224176938
6281312781408
6281320666116
6285798255490
6285321794894
6285523668496
6281324167093
6287805663800
6285773648267
6282318223200
6285711109123
6282311188862
6282320968899
6285624017017
6281323945303
6281902149512
6287764770232
6282119732095
62895710450055
6283152042620
6285221743556
6282286868880
6282211935030
6281394723001
6285864081368
6281519225828
6281315822929
6285171243941
6281324925925
6281238038818
6282116444056
628995565758
6281312241022
6285233513755
6285624774145
6281323384488
6282128389403
6285719529179
6285320008567
6282130636464
6281322772158
6281310593627
6281563407622
6285933258636
6282218287435
6285321475171
6287870757087
6285352387558
6285352600900
6281223016449
6282211051107
6281315822929
6281311231769
6285324818558
6287778941275
6281320276047
628122355469
6282118667336
6288218184219
6285720980555
6281320205332
6285794997545
6281912591976
6287724000324
62895606170457
6287717621823
6281290964210
6285322151611
6282318989849
6281314793383
6282126055666
6282119732095
6281211007080
6282321183124
6285720644601
6282321145085
6281914204242
628986254758
6285224110280
6281320184955
6282317085664
6285721414600
6289691126111
6282121965093
6285220088812
6285860443391
6285224615224
6282318183338
6285294721163
6282318389404
6287713821969
6282319137637
6282115710703
6285795369685
