6281214633976
6281214440321
6285624952926
6282214889939
6285220020789
6285762982348
628973394100
6282297291408
6281223333681
6285819208404
6281314969763
6281312583281
6287877902192
6285864653691
6285311153066
6281991286197
6283101955573
6287773081614
62895379221312
6281224356374
6285721111637
628157029079
6281222857261
628980561236
6285215261989
6283820193315
6285659593505
6287823627941
6282194341428
6289506288548
6285659554511
6282130252010
628986976939
6282216862605
6281312976202
6285718868436
6285317635940
6285214126977
6285724521814
6282121881057
6287888200160
6281221841291
6285156556355
62895357314177
6281296635662
62895638859973
6282122415056
6289524487681
6281294295109
6287730101799
6282194341428
6281949177742
6281286868565
6289686030072
6289622130754
6281386882313
6285891036249
6281225525657
628122400111
6287848570077
6281222184415
6285156126348
6285798220879
6282118715350
6285223103808
6283844842424
6281320239948
6289527503198
6282318049571
6283824951495
6283837328727
6282117561411
6282110593839
6282216656001
