6285876269421
6282260313567
6282316880388
6281322708270
6281294110955
6281299871849
6282213648849
6285794613508
628111373212
6285885583192
6283174763444
6285762982348
628122232461
628984660603
6285258769293
6281223882389
6282126854006
6281808107760
6281802241729
628128655533
6289626312675
6281214369502
6287809680596
628986812392
6285290352512
6285714357330
6285798858438
6282219554104
6285239216696
6287822067116
6287749875235
6282119898706
6281299875244
6287779530487
6281295385094
6282130722411
6281385263312
6281214932815
628562378057
6285624416267
6281809015207
6281382441993
6285320696411
6285220022164
6282130734723
6282297291408
62818122118
6282130993239
6281292820842
6285290352512
6289646409495
6287721606253
6281392441456
6281514140614
6289661980170
6285215836225
628122013012
6282116805365
6282316722092
6281342912912
6281313900060
6285320706013
6281316486143
6281221554558
6282216586720
6281368686500
62811109567
6289628030898
6289696878520
628156024444
6287857100067
6281222177703
6285881474042
6285722583500
6281320299348
6285702634595
6281546449815
6285793555727
6282118090891
6282217151686
6281318671200
6288222013215
6281313856512
6282180885104
6282214214724
628112209926
6289611385364
628155519511
6287822714157
6287718538139
62811900255
6281313900060
