6287888470304
6285161502797
6282295202531
6285860411500
6285324005392
6281522553363
62895334207059
6289691232904
6282124856841
6282117878463
6289513717969
6282120376198
6281215864429
628112160809
6285741233454
6287730423824
628170276282
6285314845595
6287882970159
6285647625760
6282121628268
6281320408018
6282118436856
6285320288174
6281333008042
6285220821398
6282117000588
6285321788318
6281228511973
6281221099557
6285338739647
6281221100142
6288801033821
6285156370793
6289666109099
6281299141433
6287881122207
6287848776979
6285772928042
6287705845515
6282255448616
6289693362418
6282120513704
6285772928042
6281313976301
6281383857885
62881023011125
6285298984424
6281386882313
6281281134698
6281286164758
6289531051194
6281394088647
6282116164814
6281389031312
6285721264378
6281386848262
62816800009
6285720094340
6285714499766
62818773640
6281320671151
6289668175270
6289626197875
6281573862673
6282120349493
628995678808
6287773362001
6289624281108
6281388583633
6289512360226
