6282316026912
6281214932815
6282119753006
6285523981767
6285886551491
6282210348872
6289607149928
6289659498275
6283822504184
6281214242484
6283145001577
628112212899
6282133581904
6281286018696
628118585517
6281272777742
6285866116041
6281572127271
6281315517077
6282117355593
6281395575395
6281802008033
6282119774233
6281312412922
6285717024252
6282376128460
628129345340
6281219655746
6289508299036
628159216153
6281395111194
6289653679399
6282293859800
6281212365498
6287727143817
6285222245633
6283823366934
6285794214986
6281214533462
6281310767747
6281292967488
628164632182
6282111451604
6285213986272
6285211330014
6285882482243
6287823627941
6289681237211
628122421675
6281221239883
62895342301465
6288298162972
6282120349493
6285882723051
6281321763035
6282118436856
6285721127244
628122596291
6289501330024
6281282075335
6281334773545
6282125081921
6289601041992
6281284408172
6282118715350
6285315297367
6285813946479
6282115970135
6281388656604
6281802224118
6285230011957
6287780395573
628121182218
6281214216937
6289517624222
6281224265349
6287883862892
6281271062214
6283107870864
628126490010
6285924004628
6281310681351
628111070501
6285791945906
6281320762430
6282321163049
6285799345458
