6282146879549
6281281086260
628888261880
6285274013300
628112421200
6289663368254
6281313033082
628129218571
62821570350500
6285692256149
6281221234765
6285812344321
6282290260804
6285315822884
6285735290028
6285274791581
6282311759710
6285156400206
6281270703696
6282119702773
6282121593797
6283832177440
6285721020956
6285210821814
6285711139856
6285213015717
6283816523389
6282120174175
6281259294993
62812132213
6285850723060
6289595788369
6285354430906
628989577435
6281111155366
6287821192794
628882043013
6285771786059
