6289630711887
6281299871849
6287770343996
6285741233454
6283151681817
6281807971072
6289616757260
62222504711
6281905818287
6281383469100
6285899129712
6285733501215
6281312650500
6289660752276
6281809786152
6283876721079
628882059365
6285162764994
628532178318
6282180687158
6285883344085
6282115763055
6281357515603
6282118613442
6285792696933
6285279532155
6281292089208
628132154756
6282295176966
6281232728042
6289638287950
6281349234567
6281234567897
6285656096292
628127885640
6285716946408
62895611492322
6289512360226
