6288223386329
6289669880752
6282127692406
6281295317262
6285157986255
6285232778711
6285159227817
6282135202721
6287864575943
6281321557083
628569959104
6281912349494
6285786560840
6285720216008
62895358339093
6282115423200
6285923142190
628983745776
6287868707259
6281285147037
6282130336138
6281262488828
628159196386
6282284958022
62811182436
6287725008141
6285157986255
6285703780125
6281296060265
6282215794906
6282216014438
628121035922
6285157884925
6285157986255
6285157986255
6285157986255
628170251961
6285659112909
6285721451490
6285796032653
6283807472043
6281220179022
628988732042
6289514322478
6282123962426
6282297358176
6281286521001
6281226311012
6289643478389
6289643478389
62895342838876
6285641537631
6281212300501
6281217561218
6282234696489
628121260345
6281221841291
628156024444
6282120376198
6285695522834
6289662172122
6289627075383
6282357894348
628153112279
6285315608697
62895622063975
6282284779779
628568624098
6281389821777
62895341331731
6281214149799
6289528991112
6281236497485
6285691069895
628118701905
6282111063856
6281223910746
628971412418
6282138849675
6285241028840
6282118613442
6281333471143
6285926065322
6282320684001
6282321425579
62895622063975
