6282116788212
6282126317401
6285717433962
6282146879549
628125008878
6282219014700
6288707720248
6282123785445
6285893452560
6285281587575
6285746349999
6282290260804
6282117024102
6281547220008
6285770461554
6287780637406
6281214932815
6282311759710
628111029956
6287722940354
6282119702773
6285719354362
628122265206
6281225491122
6285222994888
628129333029
6285840004520
6285794193077
6285713157628
6285320288174
6283866827653
6289625086794
6281320300404
6287832035757
6281321917243
6288212612941
6282240600089
6281314977523
6287893358020
6288220946121
6285719990246
6281284282171
6289644653774
6281216684301
6289529054116
6281394931394
6287730463987
6281320699423
6282120207124
6287872229825
6285861388324
6283119501803
6285933537818
6281329264652
628999499244
6287720657997
6287888458016
6281223637560
6282310474254
6282120376198
6281573644815
6281320001428
6281222857261
6287701823386
6285238124707
6281212295470
6285770157204
6285156468143
6285643209221
6285755005923
6285646949841
6281223781311
6282317883161
62895322216808
