6281282153710
6285798293205
6285320906150
6285722939835
6287720483800
6282233899688
6281220022123
6281382951073
6283829025317
628112319041
6281324974281
6289615362216
6281380154394
6287812606826
6281287428072
6285706066442
6285810895111
6281310894446
6285716052872
6287824883416
6282217308062
6285722775383
6282216462995
628129098243
6281292355442
6283824830676
6281310228413
6285854567050
6282297750736
6285223558122
6281320035918
6283148210536
6281511859051
6281299871849
6285220250888
628567171471
6281779276353
628986976939
6281216754596
6281321226243
6289509304580
6281259920701
6285846133916
6285846133916
628989509958
6283824063443
6281319907797
6285320074474
6289513031110
628814500479
6281387878078
6289530094339
6281385464226
6289618390009
6289636144327
6287722480392
6281314186353
6281322146457
6281315387979
6285229097072
6281808864613
6285714100808
6285782943791
6285860832639
6281553313114
6281321163722
6282122397936
6281219294919
6285282620762
628558351767
6288210792590
6282126455451
6282126455451
6285643862610
6283821004042
62811188888
6281288583258
6282120842747
6287845671998
6285115303969
6281320335737
6282316270313
6289503831481
6281311114811
6287839570948
628986581493
6282129297933
6282147138758
6285321899600
628976627644
6287701805080
628981790035
628815802037
