6285624418568
628515938179
6282115500291
6289530329388
6282216230783
6282258220672
6285779833080
6282180887042
6282293339392
6285723215702
6282115281165
6285691951574
6281934125353
6281224176830
6285695652066
6287870228260
6285316152233
6282126367809
6281299804715
6281334179719
6285782612363
6285161802188
6282262417134
62895339878010
6281520439752
6281221661190
6281285811641
6283147695742
6281285962423
6281321288877
6287742001522
6281808810004
6281395330096
6281322666001
6287709101975
6282286156086
6282119460588
6285795392729
628817526814
6282318023460
6282136193388
6282128455166
6285729016629
6282140633610
6281228452125
6285814234854
6281214449996
6285156071724
6282126317401
6281320239948
6287774090262
6282289779066
6285256185077
6289660684971
62895389946307
628888507882
62895389946307
6281382950728
6281255520111
6281210347242
6285892732616
628998506916
6282117225717
6282214476488
6281334662112
628981714825
6281373693500
6281111110843
6285691300959
6287763137290
62813212175848
6287728882160
