
6281322748487
6283877486341
6282317573906
6282210928355
628121105382
6285807287000
6281317935387
6285713896095
6287703385330
6285794478858
6282121881057
6287805438402
6289656108176
628989529794
6282122965555
6281282431931
6285701287396
6281294110955
6281514140614
6289656551139
6282133031338
6289682688207
627895795398
6282213648849
6287821192794
6282118436856
6285697781241
6283807045646
6285215502516
6282320776731
6282122415056
6281298119910
6288218586288
6288801033821
628139480818
6285255603830
6285780319972
6287795496800
6287779289912
6283829488491
62822168682605
6283877486341
6285724562975
6282135500560
6289507904526
6282123770898

Selesai!
terkirim:  66
gagal:  46
waktu eksekusi: 3053.775609970093