6282211935030
6281286207724
6285214105348
6285810510704
6282211051107
6208976222800
6285893939996
6281563407622
6285723975701
6285794997545
6285798255490
6285720980555
6281315822929
6285710442005
6287879358903
6285171243941
6287713821969
6285320008567
6285624017017
6282317085664
6285795369685
6285720644601
6208886265181
6285222462073
6208122355469
6287805663800
6281283006417
6281323384488
6281395510482
6285321794894
6282321183124
6281211007080
6285624701203
6281394723001
620811203382
6282318223200
6282115710703
6285233513755
6282240081736
6281312241022
6282120852803
6285210107276
6282119732095
6281320184955
6285220088812
6285324818558
6282318389404
6281323444178
6285352387558
6281320666116
6283824828887
6289501801834
6285352600900
6287764770232
6285224110280
6282311188862
6282219453564
6282119483738
6285224176938
6287724000324
6285711109123
6282320968899
6283823191595
6285324149510
6281312781408
6281223016449
6285721414600
6282116154566
6282319137637
6282126055666
6282218287435
6281324925925
6287717621823
6287718501193
6283152042620
6285224615224
6282319163658
6281311231769
6282118667336
6281912591976
6287778941275
6281322772158
6285933258636
6281519225828
6285719529179
6285811692226
6281214414808
6281312135588
6282114163636
6282286868880
6281310593627
6287870757087
6281572188797
6282318183338
6282318989849
