6282211935030
6281286207724
6285214105348
6282211051107
6285723975701
6285798255490
6281315822929
6287879358903
6287713821969
6285624017017
6285720644601
6285222462073
6289691126111
6281323384488
6285321794894
6281211007080
6281394723001
6282318223200
6282115710703
6282240081736
6282120852803
6285210107276
6282119732095
6281320205332
6281238038818
6285324818558
6281323444178
6285352387558
6283824828887
6289501801834
6285222369837
6282311188862
6282119483738
6287724000324
6282320968899
6285324149510
6285721414600
6282116154566
6282126055666
6282218287435
6287718501193
6285224615224
6281311231769
6281912591976
6287778941275
6285933258636
6288218184219
6281312135588
6282286868880
6281572188797
6282318989849
