6285810510704
6208976222800
6285893939996
6281563407622
6285794997545
6285720980555
6285710442005
6285171243941
6285320008567
6282317085664
6285795369685
6208886265181
6208122355469
6287805663800
6281283006417
6281395510482
6282321183124
6285624701203
620811203382
6285233513755
6281312241022
6285302650557
6285157224027
6221138111387
6281320184955
6281323945303
6281320276047
6285220088812
6282318389404
6281320666116
6285352600900
6287764770232
6285224110280
6282219453564
6285224176938
6285711109123
6283823191595
6281312781408
6281223016449
6295616344777
6282319137637
6281324925925
6287717621823
6283152042620
6282319163658
6282118667336
6281912591976
6281322772158
6281519225828
6285719529179
6285811692226
6281214414808
6282114163636
6281310593627
6287870757087
6282318183338