6285624418568
628515938179
6289530329388
6282258220672
6282293339392
6282115281165
6281934125353
6281224176830
6287870228260
6285316152233
6281299804715
6281334179719
6285161802188
6282262417134
6281221661190
6283147695742
6281321288877
6287742001522
6281395330096
6282286156086
6285795392729
6282318023460
6282128455166
6282140633610
6285156071724
6287774090262
6285256185077
628888507882
6281382950728
6281255520111
6285892732616
628998506916
6281334662112
628981714825
6281373693500
6287763137290
62813212175848
6287728882160
