6289691427968
6282115763055
62881023131313
6287742001522
6285680274832
6287811166065
6285601287396
6282116681181
6285659514258
6285314889978
6282136508552
6281299871849
62222504711
6283876721079
6285162764994
628532178318
6282115763055
6282118613442
6285792696933
6285279532155
6281292089208
628132154756
6289638287950
6281234567897
628127885640
82214895706
7787089547
822334455
82124332409
851507996
89512361226
81608938345
87771584084
8122422765
864744557
89539720857
81522465576
85675646443
858712425
813106835
812848204
3432423423
6281220003767
6286545676578
62838928928
6288866775588
6287778788555
6289600000000
6285256151331
6288866775588
6287778788555
6289600000000
6285256151331
6289667857156
6287836412524
6281295169114
6281229881203
6287878493884
62851555399432