6289691427968
6282115763055
62881023131313
6287742001522
6285680274832
6287811166065
6285601287396
6282116681181
6285659514258
6285314889978
6282136508552
6281299871849
62222504711
6283876721079
6285162764994
628532178318
6282115763055
6282118613442
6285792696933
6285279532155
6281292089208
628132154756
6289638287950
6281234567897
628127885640
6282214895706
627787089547
62822334455
6282124332409
62851507996
6289512361226
6281608938345
6287771584084
628122422765
62864744557
6289539720857
6281522465576
6285675646443
62858712425
62813106835
62812848204
623432423423
6281220003767
6286545676578
62838928928
6288866775588
6287778788555
6289600000000
6285256151331
6288866775588
6287778788555
6289600000000
6285256151331
6289667857156
6287836412524
6281295169114
6281229881203
6287878493884
62851555399432
62881220781
62835427533
6281073318124
6285155349039
6289656341424
628979281420
6285735715537
6288102321688
6299606155321
6281283502201
62827637267333
6289678267863
6218364292989
6282360160718
6281221516011
62821570350500
6281221234765
6285812344321
6285315822884
6285274791581
6285156400206
6282119702773
6283832177440
6283816523389
6282120174175
6281259294993
62812132213
6285850723060
6289595788369
6285354430906
628989577435
6281111155366
628882043013
6285771786059
6285624418568
628515938179
6289530329388
6282258220672
6282293339392
6282115281165
6281934125353
6281224176830
6287870228260
6285316152233
6281299804715
6281334179719
6285161802188
6282262417134
6281221661190
6283147695742
6281321288877
6287742001522
6281395330096
6282286156086
6285795392729
6282318023460
6282128455166
6282140633610
6285156071724
6287774090262
6285256185077
628888507882
6281382950728
6281255520111
6285892732616
628998506916
6281334662112
628981714825
6281373693500
6287763137290
62813212175848
6287728882160
6285697359221
6281519906741
6285163689944
628979298991
6289518122619
6289613031600
6289539937291
6285846538088
6285318946054
6260176781065
6281321421521
6281398579122
6285162674994
62816615522
6281363489422
62872099544
62821158189900
6285241571546
6281322748487
6283877486341
6282317573906
6282210928355
628121105382
6285807287000
6281317935387
6285713896095
6287703385330
6285794478858
6282121881057
6287805438402
6289656108176
628989529794
6282122965555
6281282431931
6285701287396
6281294110955
6281514140614
6289656551139
6282133031338
6289682688207
627895795398
6282213648849
6287821192794
6282118436856
6285697781241
6283807045646
6285215502516
6282320776731
6282122415056
6281298119910
6288218586288
6288801033821
628139480818
6285255603830
6285780319972
6287795496800
6287779289912
6283829488491
62822168682605
6283877486341
6285724562975
6282135500560
6289507904526
6282123770898
6285718849558
6285320187830
6289610011973
6282210337036
6285866489329
6285156476424
6281910031136
62895392452603
6289503327018
6285759260859
6283844842424
6282127801662
628996989789
6281563821540
6285717582857
6285778926168
6281282153710
6282248444515
6281365852917
6281333610913
6282298881208
6287832249129
6285156570705
6281380807684
62899931527
6281563362252
6281214961867
6285607427104